================================================================================
TRAINING METRICS
================================================================================

Model: resnet50
Date: 2026-01-10 22:14:20

================================================================================
SUMMARY STATISTICS
================================================================================

Total Epochs: 44

Training Metrics:
  Final Loss: 0.009171
  Best Loss: 0.009171 (Epoch 44)
  Final Accuracy: 99.62%
  Best Accuracy: 99.65% (Epoch 41)
  Final Top-5 Accuracy: 99.98%
  Best Top-5 Accuracy: 100.00% (Epoch 35)

Validation Metrics:
  Final Loss: 0.077413
  Best Loss: 0.069528 (Epoch 40)
  Final Accuracy: 98.37%
  Best Accuracy: 98.53% (Epoch 34)
  Final Top-5 Accuracy: 99.84%
  Best Top-5 Accuracy: 99.92% (Epoch 19)

================================================================================
DETAILED EPOCH-BY-EPOCH METRICS
================================================================================

Epoch    Train Loss   Train Acc    Train Top-5    Val Loss     Val Acc      Val Top-5      LR          
----------------------------------------------------------------------------------------------------
1        3.038815     29.49        50.49          1.431466     56.84        82.00          1.00e-03    
2        1.118013     67.60        89.63          0.766598     75.81        94.06          1.00e-03    
3        0.729229     78.14        94.36          0.573430     82.08        95.28          1.00e-03    
4        0.601572     80.92        95.83          0.450474     85.99        97.31          1.00e-03    
5        0.518303     83.31        96.58          0.389213     86.97        97.39          1.00e-03    
6        0.450804     85.91        97.19          0.332345     88.60        98.62          1.00e-03    
7        0.391139     87.17        97.63          0.290399     90.64        98.45          1.00e-03    
8        0.378637     87.40        97.82          0.321234     90.23        98.45          1.00e-03    
9        0.335404     88.46        98.11          0.257153     91.12        98.94          1.00e-03    
10       0.305292     89.49        98.50          0.273022     90.64        98.70          1.00e-03    
11       0.277090     91.03        98.57          0.266162     91.04        99.10          1.00e-03    
12       0.285743     90.33        98.39          0.244944     92.10        98.78          1.00e-03    
13       0.269627     90.87        98.64          0.242000     92.10        98.86          1.00e-03    
14       0.262455     90.61        98.90          0.243416     92.18        98.70          1.00e-03    
15       0.253333     91.29        98.62          0.223539     93.00        99.27          1.00e-03    
16       0.147317     94.50        99.48          0.153968     95.68        99.59          1.00e-04    
17       0.117679     95.36        99.69          0.142044     94.63        99.67          1.00e-04    
18       0.097345     96.42        99.76          0.120637     96.50        99.84          1.00e-04    
19       0.080020     96.82        99.81          0.104756     96.66        99.92          1.00e-04    
20       0.066474     97.64        99.77          0.104713     96.91        99.84          1.00e-04    
21       0.056020     97.84        99.79          0.106509     96.74        99.76          1.00e-04    
22       0.050429     98.04        99.79          0.098301     97.07        99.92          1.00e-04    
23       0.053186     98.01        99.83          0.094777     97.96        99.76          1.00e-04    
24       0.045232     98.22        99.91          0.106129     97.96        99.84          1.00e-04    
25       0.045580     98.31        99.86          0.076577     97.88        99.84          1.00e-04    
26       0.059568     97.94        99.74          0.089386     97.72        99.76          1.00e-04    
27       0.046580     98.18        99.86          0.084826     97.72        99.92          1.00e-04    
28       0.043660     98.15        99.95          0.105344     97.64        99.76          1.00e-04    
29       0.041215     98.45        99.91          0.121827     97.15        99.84          1.00e-04    
30       0.044626     98.38        99.88          0.103578     97.56        99.84          1.00e-04    
31       0.032038     98.97        99.91          0.097582     98.05        99.84          1.00e-04    
32       0.028502     99.02        99.98          0.084198     98.13        99.76          5.00e-05    
33       0.028678     99.06        99.93          0.083477     98.29        99.84          5.00e-05    
34       0.017924     99.32        99.98          0.097247     98.53        99.76          5.00e-05    
35       0.014492     99.42        100.00         0.091705     98.53        99.76          5.00e-05    
36       0.026048     98.97        99.98          0.090901     98.53        99.67          5.00e-05    
37       0.016882     99.34        99.98          0.086077     98.45        99.84          5.00e-05    
38       0.019499     99.35        99.98          0.081912     98.45        99.76          2.50e-05    
39       0.018858     99.30        99.97          0.083972     98.53        99.76          2.50e-05    
40       0.015466     99.49        99.97          0.069528     98.53        99.76          2.50e-05    
41       0.011467     99.65        99.98          0.080929     98.53        99.84          2.50e-05    
42       0.019002     99.35        99.97          0.090233     98.45        99.84          2.50e-05    
43       0.011597     99.55        100.00         0.076694     98.29        99.84          2.50e-05    
44       0.009171     99.62        99.98          0.077413     98.37        99.84          2.50e-05    

================================================================================
END OF METRICS
================================================================================
