================================================================================
TRAINING METRICS
================================================================================

Model: baseline_cnn_improved_no_masks
Date: 2026-01-10 21:20:27

================================================================================
SUMMARY STATISTICS
================================================================================

Total Epochs: 150

Training Metrics:
  Final Loss: 0.465884
  Best Loss: 0.465884 (Epoch 150)
  Final Accuracy: 83.41%
  Best Accuracy: 83.41% (Epoch 150)
  Final Top-5 Accuracy: 96.70%
  Best Top-5 Accuracy: 96.77% (Epoch 146)

Validation Metrics:
  Final Loss: 0.493447
  Best Loss: 0.443479 (Epoch 149)
  Final Accuracy: 83.55%
  Best Accuracy: 85.83% (Epoch 149)
  Final Top-5 Accuracy: 96.74%
  Best Top-5 Accuracy: 97.64% (Epoch 139)

================================================================================
DETAILED EPOCH-BY-EPOCH METRICS
================================================================================

Epoch    Train Loss   Train Acc    Train Top-5    Val Loss     Val Acc      Val Top-5      LR          
----------------------------------------------------------------------------------------------------
1        4.068260     5.43         21.63          3.981505     6.76         23.21          5.00e-04    
2        3.744218     7.79         28.91          3.555050     9.77         32.25          5.00e-04    
3        3.606445     10.42        33.22          3.371417     13.27        35.59          5.00e-04    
4        3.514182     11.05        36.07          3.568823     8.96         35.42          5.00e-04    
5        3.492617     11.99        37.78          3.252039     14.33        40.72          5.00e-04    
6        3.410286     13.69        39.61          3.149405     14.58        41.94          5.00e-04    
7        3.323451     14.68        41.39          3.304670     12.87        39.66          5.00e-04    
8        3.253264     15.47        43.02          3.030915     17.75        44.54          5.00e-04    
9        3.222316     17.13        43.75          2.896504     21.01        51.30          5.00e-04    
10       3.075361     19.24        47.75          2.834528     21.01        49.35          5.00e-04    
11       3.065888     19.48        47.97          2.779657     23.62        51.79          5.00e-04    
12       2.992054     21.35        50.91          2.785811     23.13        52.85          5.00e-04    
13       2.905381     22.31        53.00          2.842502     23.78        51.06          5.00e-04    
14       2.851964     23.34        54.92          2.601796     27.77        55.13          5.00e-04    
15       2.814638     24.41        54.28          2.383567     29.07        59.93          5.00e-04    
16       2.748146     25.59        56.65          2.730177     28.58        56.51          5.00e-04    
17       2.613091     27.71        59.22          2.248837     33.31        64.17          5.00e-04    
18       2.615790     28.07        59.83          2.354354     30.62        59.12          5.00e-04    
19       2.561670     28.96        60.51          2.195578     32.08        64.09          5.00e-04    
20       2.495543     30.34        62.15          2.146945     34.12        65.88          5.00e-04    
21       2.443355     32.18        62.97          2.184896     35.91        67.67          5.00e-04    
22       2.342094     33.12        65.52          2.055996     35.75        68.65          5.00e-04    
23       2.324978     33.38        66.31          1.985129     39.09        70.60          5.00e-04    
24       2.314514     33.36        66.04          2.117086     36.40        66.53          5.00e-04    
25       2.228942     35.68        68.49          2.171988     34.85        66.86          5.00e-04    
26       2.205468     36.17        68.44          2.072179     37.38        70.11          5.00e-04    
27       2.187970     36.21        68.78          1.957845     40.80        73.37          5.00e-04    
28       2.126058     39.00        70.15          2.061291     35.99        70.36          5.00e-04    
29       2.146256     38.83        70.69          1.912704     39.09        72.48          5.00e-04    
30       2.091720     39.37        70.58          1.734437     44.46        78.18          5.00e-04    
31       2.101270     38.55        71.09          1.784975     45.20        76.14          5.00e-04    
32       2.114092     38.84        71.07          1.873573     42.02        74.59          5.00e-04    
33       2.039572     40.17        72.38          1.804263     43.40        77.36          5.00e-04    
34       1.974407     42.65        73.48          1.677741     47.23        76.38          5.00e-04    
35       1.919748     43.16        74.55          1.760330     46.42        76.06          5.00e-04    
36       1.910223     43.99        74.77          1.720549     46.25        78.42          5.00e-04    
37       1.898479     43.44        75.10          1.575354     51.95        80.54          5.00e-04    
38       1.869725     44.69        75.66          1.604197     49.43        82.00          5.00e-04    
39       1.830764     45.78        75.77          1.609580     49.02        79.97          5.00e-04    
40       1.783752     47.22        77.08          1.490149     51.79        82.33          5.00e-04    
41       1.747486     48.36        78.09          1.719147     47.72        78.50          5.00e-04    
42       1.774840     47.00        77.46          1.651451     48.70        79.32          5.00e-04    
43       1.782958     46.61        77.13          1.462225     52.77        81.68          5.00e-04    
44       1.701909     48.25        78.74          1.463316     53.50        81.76          5.00e-04    
45       1.677157     50.17        78.72          1.473847     51.38        82.17          5.00e-04    
46       1.646026     50.02        79.36          1.525632     51.30        80.78          5.00e-04    
47       1.576553     52.69        80.59          1.334322     55.70        86.24          5.00e-04    
48       1.657054     50.91        79.78          1.276627     58.22        86.07          5.00e-04    
49       1.564944     52.22        81.58          1.365176     56.84        83.71          5.00e-04    
50       1.521454     53.65        81.60          1.329127     57.98        85.99          5.00e-04    
51       1.508929     53.53        81.84          1.297988     57.98        85.83          5.00e-04    
52       1.532088     53.98        81.95          1.335669     55.46        84.85          5.00e-04    
53       1.478360     54.16        82.25          1.297669     57.74        85.75          5.00e-04    
54       1.402713     56.34        84.15          1.228852     60.99        86.56          5.00e-04    
55       1.460415     55.24        83.54          1.280725     59.45        85.91          5.00e-04    
56       1.415052     56.62        84.27          1.180828     62.46        87.79          5.00e-04    
57       1.323235     58.00        84.99          1.194605     60.59        88.84          5.00e-04    
58       1.358543     57.94        84.25          1.187164     60.34        87.38          5.00e-04    
59       1.330056     58.33        84.93          1.214394     61.48        87.70          5.00e-04    
60       1.318307     59.44        85.63          1.244859     60.91        85.83          5.00e-04    
61       1.329452     59.34        84.95          1.116550     61.40        87.30          5.00e-04    
62       1.282287     60.34        85.75          1.034952     65.88        90.07          5.00e-04    
63       1.347270     58.76        84.41          1.128943     61.81        88.44          5.00e-04    
64       1.221516     60.82        86.63          1.040774     64.90        89.25          5.00e-04    
65       1.199215     61.49        87.01          1.210917     60.99        88.36          5.00e-04    
66       1.280776     60.60        85.61          1.052835     64.90        89.41          5.00e-04    
67       1.188518     62.94        87.29          1.020555     66.94        89.74          5.00e-04    
68       1.214606     61.54        87.10          1.030697     65.96        89.66          5.00e-04    
69       1.139322     63.88        87.64          1.192750     63.93        88.11          5.00e-04    
70       1.162667     63.08        88.06          1.079323     65.15        89.50          5.00e-04    
71       1.156694     63.84        87.80          0.975169     68.49        92.02          5.00e-04    
72       1.146623     64.19        87.55          0.976824     69.14        90.55          5.00e-04    
73       1.083867     64.44        89.23          0.975701     69.71        90.15          5.00e-04    
74       1.110030     65.33        88.79          0.912723     69.79        90.72          5.00e-04    
75       1.198086     62.90        87.48          0.999344     68.57        90.88          5.00e-04    
76       1.124347     64.04        88.18          1.301066     59.28        86.97          5.00e-04    
77       1.085830     64.98        88.70          0.930125     69.63        91.86          5.00e-04    
78       1.073707     66.08        88.53          0.888706     71.17        93.24          5.00e-04    
79       1.014625     67.46        89.42          0.901528     71.58        92.59          5.00e-04    
80       1.012681     66.62        89.98          0.884877     71.09        91.94          5.00e-04    
81       0.999748     67.70        90.59          0.975310     67.67        90.72          5.00e-04    
82       0.981085     66.81        90.78          0.978672     70.11        91.37          5.00e-04    
83       0.978034     68.24        90.00          0.934518     70.28        92.83          5.00e-04    
84       1.002174     68.33        90.24          1.014550     68.65        91.29          5.00e-04    
85       0.956248     68.26        90.17          1.083388     65.64        90.64          5.00e-04    
86       0.933001     69.41        91.01          0.903376     71.99        92.35          5.00e-04    
87       0.942797     68.89        91.11          0.874432     72.72        92.75          5.00e-04    
88       0.936227     69.03        90.92          0.868004     72.72        92.51          5.00e-04    
89       0.897545     69.73        91.38          0.790099     74.43        94.46          5.00e-04    
90       0.886077     70.60        92.04          0.799812     74.10        94.30          5.00e-04    
91       0.894752     70.15        91.83          0.871690     73.94        93.00          5.00e-04    
92       0.881241     71.75        92.14          0.762135     74.84        94.30          5.00e-04    
93       0.875905     71.72        92.13          0.888852     71.74        92.59          5.00e-04    
94       0.832695     72.14        92.37          0.841338     71.58        92.75          5.00e-04    
95       0.843150     71.94        93.05          0.814484     75.00        93.57          5.00e-04    
96       0.820414     72.45        92.63          0.876263     75.73        94.63          5.00e-04    
97       0.843271     72.56        92.49          0.845607     75.08        93.32          5.00e-04    
98       0.832556     72.94        92.48          0.901834     73.21        92.18          5.00e-04    
99       0.801441     73.10        92.63          0.975472     73.94        92.51          5.00e-04    
100      0.771965     72.94        93.37          0.707691     74.92        94.22          5.00e-04    
101      0.785987     73.64        93.17          0.786274     76.22        94.22          5.00e-04    
102      0.747833     74.49        93.54          0.732120     75.49        94.14          5.00e-04    
103      0.755730     74.62        93.23          0.735401     77.20        94.79          5.00e-04    
104      0.768131     74.25        93.58          0.678301     79.32        94.95          5.00e-04    
105      0.734499     75.28        93.38          0.722733     76.14        93.97          5.00e-04    
106      0.719178     75.05        93.56          0.719630     78.01        94.38          5.00e-04    
107      0.743730     74.88        93.91          0.728585     79.48        94.63          5.00e-04    
108      0.723676     75.05        93.52          0.647088     80.62        95.85          5.00e-04    
109      0.712863     75.51        93.80          0.649203     79.15        95.28          5.00e-04    
110      0.695607     75.87        94.48          0.636370     78.66        95.44          5.00e-04    
111      0.687938     76.90        94.73          0.692625     79.23        95.52          5.00e-04    
112      0.680689     76.55        94.43          0.693888     78.58        94.63          5.00e-04    
113      0.665141     77.22        94.66          0.623594     80.78        96.01          5.00e-04    
114      0.693847     76.47        94.17          0.652767     80.21        94.46          5.00e-04    
115      0.697188     76.33        93.85          0.572626     82.57        96.01          5.00e-04    
116      0.673097     76.50        94.47          0.626637     79.89        95.60          5.00e-04    
117      0.674290     77.27        94.68          0.635254     80.37        96.25          5.00e-04    
118      0.627811     78.16        95.16          0.591717     81.92        96.25          5.00e-04    
119      0.630769     78.19        94.81          0.589346     80.21        96.01          5.00e-04    
120      0.648511     77.60        95.04          0.575091     81.68        96.34          5.00e-04    
121      0.614164     78.72        95.37          0.521694     83.39        96.91          5.00e-04    
122      0.567343     80.41        95.41          0.592561     80.94        95.20          5.00e-04    
123      0.590878     79.78        95.44          0.630657     80.54        96.17          5.00e-04    
124      0.587041     78.98        95.58          0.740490     80.78        95.11          5.00e-04    
125      0.583993     79.09        95.62          0.543898     82.90        96.66          5.00e-04    
126      0.610738     79.71        95.34          0.550334     82.57        96.34          5.00e-04    
127      0.593820     79.03        95.11          0.572471     82.17        95.68          5.00e-04    
128      0.594313     79.36        94.92          0.599285     80.05        95.36          5.00e-04    
129      0.582511     79.73        95.46          0.509472     83.47        97.07          5.00e-04    
130      0.563433     80.90        95.67          0.617896     81.76        96.50          5.00e-04    
131      0.575178     80.03        95.98          0.538284     83.55        96.58          5.00e-04    
132      0.570195     80.27        95.48          0.592591     81.19        96.42          5.00e-04    
133      0.591708     80.06        95.71          0.540697     82.08        96.25          5.00e-04    
134      0.516322     82.00        96.04          0.572570     80.37        96.42          5.00e-04    
135      0.513216     81.65        96.16          0.519462     83.88        96.82          5.00e-04    
136      0.517336     81.81        96.54          0.575454     80.29        96.91          5.00e-04    
137      0.565924     80.48        95.65          0.475500     83.31        97.48          5.00e-04    
138      0.535711     81.44        96.19          0.523124     84.04        97.07          5.00e-04    
139      0.496076     82.25        96.42          0.477214     84.04        97.64          5.00e-04    
140      0.514784     81.69        96.46          0.515187     83.14        96.91          5.00e-04    
141      0.525372     81.37        95.83          0.465784     84.85        97.48          5.00e-04    
142      0.515939     81.77        95.95          0.502780     83.88        96.99          5.00e-04    
143      0.531549     82.00        95.65          0.536142     82.98        96.25          5.00e-04    
144      0.504634     82.31        96.56          0.572232     82.08        96.17          5.00e-04    
145      0.523508     81.63        96.46          0.535430     83.39        96.50          5.00e-04    
146      0.494583     82.59        96.77          0.581025     82.74        96.01          5.00e-04    
147      0.488368     82.82        96.11          0.499299     84.20        96.82          5.00e-04    
148      0.481153     82.82        96.44          0.468837     83.96        97.07          5.00e-04    
149      0.466108     83.33        96.77          0.443479     85.83        97.56          5.00e-04    
150      0.465884     83.41        96.70          0.493447     83.55        96.74          5.00e-04    

================================================================================
END OF METRICS
================================================================================
