================================================================================
TRAINING METRICS
================================================================================

Model: efficientnet_b3
Date: 2026-01-11 15:06:59

================================================================================
SUMMARY STATISTICS
================================================================================

Total Epochs: 50

Training Metrics:
  Final Loss: 0.010332
  Best Loss: 0.010332 (Epoch 50)
  Final Accuracy: 99.65%
  Best Accuracy: 99.65% (Epoch 50)
  Final Top-5 Accuracy: 99.98%
  Best Top-5 Accuracy: 100.00% (Epoch 26)

Validation Metrics:
  Final Loss: 0.036568
  Best Loss: 0.031144 (Epoch 49)
  Final Accuracy: 98.94%
  Best Accuracy: 99.19% (Epoch 48)
  Final Top-5 Accuracy: 99.92%
  Best Top-5 Accuracy: 100.00% (Epoch 27)

================================================================================
DETAILED EPOCH-BY-EPOCH METRICS
================================================================================

Epoch    Train Loss   Train Acc    Train Top-5    Val Loss     Val Acc      Val Top-5      LR          
----------------------------------------------------------------------------------------------------
1        3.102119     27.27        50.47          1.667772     54.64        79.23          1.00e-03    
2        1.249648     63.98        88.04          0.850180     74.84        94.14          1.00e-03    
3        0.864939     73.06        93.09          0.667770     81.43        95.20          1.00e-03    
4        0.675591     78.25        95.18          0.542702     84.36        96.82          1.00e-03    
5        0.582337     81.30        96.16          0.438227     86.89        97.48          1.00e-03    
6        0.523243     81.88        96.63          0.405363     87.38        98.21          1.00e-03    
7        0.457016     84.58        97.12          0.368970     88.68        98.62          1.00e-03    
8        0.437842     84.57        97.64          0.356916     89.09        97.72          1.00e-03    
9        0.389490     86.91        97.84          0.309036     90.55        98.86          1.00e-03    
10       0.370340     87.40        97.94          0.323877     89.58        97.96          1.00e-03    
11       0.349780     87.80        98.29          0.306796     91.37        98.70          1.00e-03    
12       0.320111     88.41        98.27          0.308891     91.12        98.45          1.00e-03    
13       0.312220     89.19        98.29          0.296740     90.96        98.94          1.00e-03    
14       0.305971     89.33        98.25          0.262610     91.21        99.19          1.00e-03    
15       0.277117     89.94        98.64          0.262824     92.26        98.70          1.00e-03    
16       0.188057     92.81        99.23          0.140078     96.25        99.43          1.00e-04    
17       0.119427     95.25        99.60          0.108929     97.23        99.76          1.00e-04    
18       0.099069     95.93        99.69          0.105589     96.99        99.84          1.00e-04    
19       0.079569     97.01        99.84          0.089858     97.72        99.67          1.00e-04    
20       0.072297     97.24        99.81          0.087757     97.56        99.76          1.00e-04    
21       0.052987     98.01        99.88          0.080512     97.96        99.76          1.00e-04    
22       0.048191     98.18        99.88          0.074781     98.21        99.84          1.00e-04    
23       0.042297     98.27        99.93          0.066028     98.29        99.84          1.00e-04    
24       0.037048     98.41        99.93          0.071301     98.05        99.92          1.00e-04    
25       0.032902     98.80        99.98          0.064573     98.53        99.76          1.00e-04    
26       0.030366     98.87        100.00         0.067180     98.13        99.84          1.00e-04    
27       0.032713     98.78        99.95          0.060875     98.29        100.00         1.00e-04    
28       0.027481     98.99        99.91          0.057963     98.62        99.92          1.00e-04    
29       0.026477     99.00        99.98          0.048899     98.53        100.00         1.00e-04    
30       0.022493     99.11        99.98          0.049050     98.94        99.92          1.00e-04    
31       0.027406     99.04        99.97          0.050585     98.94        99.76          1.00e-04    
32       0.026466     99.06        99.98          0.057661     98.86        99.92          1.00e-04    
33       0.025115     98.97        99.91          0.065529     98.70        99.92          1.00e-04    
34       0.026025     99.09        99.98          0.057165     98.37        99.92          1.00e-04    
35       0.026822     98.81        99.95          0.048347     98.94        99.92          1.00e-04    
36       0.020242     99.23        99.95          0.045972     99.02        100.00         1.00e-04    
37       0.024537     99.06        99.98          0.055183     99.02        99.84          1.00e-04    
38       0.013348     99.51        99.98          0.053397     98.86        99.92          1.00e-04    
39       0.022397     99.23        99.93          0.064466     98.62        99.92          1.00e-04    
40       0.023721     99.27        99.95          0.054603     99.02        99.92          1.00e-04    
41       0.017819     99.35        99.95          0.042121     99.02        100.00         1.00e-04    
42       0.012232     99.53        99.98          0.058308     98.53        100.00         1.00e-04    
43       0.013319     99.55        99.98          0.051672     99.02        100.00         1.00e-04    
44       0.014266     99.46        99.97          0.044485     99.10        99.92          1.00e-04    
45       0.020006     99.23        99.98          0.057528     98.37        100.00         1.00e-04    
46       0.018335     99.34        100.00         0.044770     98.70        100.00         1.00e-04    
47       0.021705     99.27        99.95          0.048267     98.78        100.00         1.00e-04    
48       0.015273     99.49        100.00         0.035105     99.19        99.92          5.00e-05    
49       0.012931     99.46        99.98          0.031144     99.10        99.92          5.00e-05    
50       0.010332     99.65        99.98          0.036568     98.94        99.92          5.00e-05    

================================================================================
END OF METRICS
================================================================================
