================================================================================
TRAINING METRICS
================================================================================

Model: resnet50
Date: 2026-01-04 13:03:27

================================================================================
SUMMARY STATISTICS
================================================================================

Total Epochs: 47

Training Metrics:
  Final Loss: 0.015861
  Best Loss: 0.012980 (Epoch 46)
  Final Accuracy: 99.53%
  Best Accuracy: 99.53% (Epoch 43)
  Final Top-5 Accuracy: 99.95%
  Best Top-5 Accuracy: 100.00% (Epoch 43)

Validation Metrics:
  Final Loss: 0.061812
  Best Loss: 0.053866 (Epoch 40)
  Final Accuracy: 98.62%
  Best Accuracy: 98.78% (Epoch 37)
  Final Top-5 Accuracy: 99.92%
  Best Top-5 Accuracy: 100.00% (Epoch 22)

================================================================================
DETAILED EPOCH-BY-EPOCH METRICS
================================================================================

Epoch    Train Loss   Train Acc    Train Top-5    Val Loss     Val Acc      Val Top-5      LR          
----------------------------------------------------------------------------------------------------
1        3.005501     29.22        50.56          1.444717     58.88        86.48          1.00e-03    
2        1.167852     66.66        88.72          0.751678     76.30        94.54          1.00e-03    
3        0.782024     75.68        93.68          0.539319     81.76        96.09          1.00e-03    
4        0.573511     81.44        95.81          0.433339     85.91        97.96          1.00e-03    
5        0.512026     83.75        96.53          0.368684     87.38        98.05          1.00e-03    
6        0.431726     85.82        97.59          0.349761     89.41        98.13          1.00e-03    
7        0.389985     87.27        97.68          0.320956     89.25        98.78          1.00e-03    
8        0.355626     88.16        98.10          0.305633     89.50        98.53          1.00e-03    
9        0.341331     88.34        97.84          0.301367     91.04        98.53          1.00e-03    
10       0.311966     89.68        98.32          0.297023     90.31        98.53          1.00e-03    
11       0.281106     90.31        98.34          0.254280     92.35        98.86          1.00e-03    
12       0.290746     90.22        98.39          0.285851     90.72        98.37          1.00e-03    
13       0.286993     90.03        98.60          0.250874     92.18        98.78          1.00e-03    
14       0.273478     90.71        98.76          0.268841     91.37        98.94          1.00e-03    
15       0.247479     91.45        98.73          0.266783     92.02        98.78          1.00e-03    
16       0.152292     94.40        99.35          0.140877     95.93        99.51          1.00e-04    
17       0.116255     95.39        99.62          0.100896     96.99        99.67          1.00e-04    
18       0.097044     96.46        99.69          0.114805     97.07        99.92          1.00e-04    
19       0.073580     97.15        99.83          0.121469     96.42        99.67          1.00e-04    
20       0.080110     97.01        99.62          0.097880     97.15        99.84          1.00e-04    
21       0.054654     98.04        99.81          0.103347     97.15        99.67          1.00e-04    
22       0.050934     98.01        99.90          0.101119     97.96        100.00         1.00e-04    
23       0.049666     97.84        99.83          0.081191     97.23        99.92          1.00e-04    
24       0.047062     98.18        99.93          0.085530     97.80        99.67          1.00e-04    
25       0.040988     98.48        99.88          0.064969     98.37        99.76          1.00e-04    
26       0.050240     98.10        99.84          0.074775     97.72        99.92          1.00e-04    
27       0.043420     98.29        99.88          0.068950     97.88        99.76          1.00e-04    
28       0.046182     98.20        99.91          0.072694     97.88        99.76          1.00e-04    
29       0.037519     98.53        99.93          0.073678     98.13        99.67          1.00e-04    
30       0.029277     98.80        99.93          0.075679     98.21        99.76          1.00e-04    
31       0.037997     98.50        99.95          0.077786     97.96        99.76          1.00e-04    
32       0.030647     98.81        99.93          0.064948     98.62        99.67          5.00e-05    
33       0.020486     99.16        99.97          0.069421     98.37        99.76          5.00e-05    
34       0.017388     99.28        99.98          0.062032     98.62        99.84          5.00e-05    
35       0.021093     99.34        99.93          0.068165     98.21        99.76          5.00e-05    
36       0.020273     99.28        99.95          0.063293     98.45        99.84          5.00e-05    
37       0.016448     99.39        99.97          0.058644     98.78        99.84          5.00e-05    
38       0.018505     99.25        99.98          0.056749     98.62        99.76          5.00e-05    
39       0.017677     99.27        99.97          0.058124     98.78        99.84          5.00e-05    
40       0.016395     99.48        99.95          0.053866     98.70        99.84          5.00e-05    
41       0.015956     99.44        99.95          0.059549     98.45        99.84          5.00e-05    
42       0.017321     99.32        99.97          0.061671     98.70        99.76          5.00e-05    
43       0.013946     99.53        100.00         0.061802     98.62        99.76          5.00e-05    
44       0.018783     99.32        99.97          0.057254     98.37        99.76          5.00e-05    
45       0.015519     99.39        100.00         0.063577     98.45        99.76          5.00e-05    
46       0.012980     99.53        99.97          0.071850     98.45        99.92          5.00e-05    
47       0.015861     99.53        99.95          0.061812     98.62        99.92          2.50e-05    

================================================================================
END OF METRICS
================================================================================
